Tournament lock benchmark:
2 threads:	170 	104 	104 	105 	110 	126 	148 	131 	147 	109 	104 	98 	77 	91 	102 	131 	113 	133 	130 	112 	110 	108 	92 	125 	89 	84 	102 	100 	102 	93 	111.67 
3 threads:	171 	172 	142 	281 	209 	178 	140 	179 	143 	187 	224 	166 	180 	182 	181 	186 	137 	293 	198 	162 	202 	190 	152 	173 	200 	279 	320 	188 	161 	196 	192.40 
4 threads:	263 	331 	225 	216 	266 	196 	238 	197 	222 	200 	195 	267 	328 	202 	191 	249 	211 	366 	243 	238 	275 	294 	325 	250 	215 	267 	165 	246 	191 	214 	242.87 
5 threads:	314 	431 	417 	385 	299 	437 	436 	392 	305 	548 	400 	324 	399 	445 	438 	382 	283 	436 	345 	478 	387 	409 	349 	394 	369 	342 	316 	474 	368 	507 	393.63 
6 threads:	409 	438 	530 	580 	483 	569 	465 	463 	406 	461 	385 	489 	469 	520 	482 	398 	532 	515 	510 	583 	489 	501 	386 	392 	555 	479 	590 	453 	475 	369 	479.20 
7 threads:	542 	521 	512 	602 	596 	618 	509 	502 	433 	546 	536 	419 	535 	692 	621 	451 	526 	576 	564 	583 	367 	422 	552 	546 	473 	549 	591 	520 	619 	604 	537.57 
8 threads:	630 	587 	584 	702 	619 	693 	441 	638 	417 	695 	401 	753 	587 	710 	626 	637 	499 	594 	748 	609 	582 	746 	630 	440 	534 	635 	654 	636 	663 	582 	609.07 
9 threads:	956 	946 	867 	824 	918 	965 	1020 	997 	891 	979 	1048 	935 	800 	1082 	922 	982 	916 	1295 	1136 	724 	681 	914 	992 	826 	1016 	911 	779 	974 	985 	942 	940.77 
10 threads:	958 	912 	803 	968 	1106 	963 	1087 	1055 	836 	1168 	1041 	936 	697 	956 	937 	920 	1032 	1102 	1156 	1152 	1146 	937 	1009 	1075 	988 	857 	907 	959 	1070 	1289 	1000.73 
11 threads:	849 	1463 	1176 	1216 	1113 	1129 	1100 	1255 	1399 	913 	1234 	988 	1178 	1075 	1087 	924 	802 	1152 	1199 	1032 	1183 	1125 	1158 	1227 	1162 	1047 	1013 	1059 	1332 	1052 	1121.40 
12 threads:	1168 	1212 	1187 	1230 	1312 	1399 	1135 	903 	1227 	1459 	1190 	1290 	1023 	1140 	1172 	1385 	1112 	1080 	1110 	855 	1134 	1305 	1181 	1191 	1209 	1172 	1103 	1193 	987 	1243 	1176.90 
13 threads:	1581 	1371 	1457 	1192 	888 	1462 	1188 	1040 	1257 	1155 	1161 	1293 	1511 	1224 	1553 	1130 	1284 	1236 	1444 	1329 	1282 	1097 	1349 	1300 	1238 	1341 	1458 	1085 	1285 	1379 	1285.67 
14 threads:	1781 	1122 	1319 	990 	1144 	1119 	1099 	1478 	1409 	1096 	1395 	924 	1300 	1437 	1487 	1281 	1734 	1420 	1476 	1491 	1307 	1538 	1476 	1183 	1567 	1385 	1646 	1554 	1502 	1210 	1362.33 
15 threads:	1443 	1411 	1818 	1474 	1632 	1879 	1365 	1513 	1474 	1689 	1155 	1617 	1255 	1739 	1264 	1514 	1627 	1582 	1491 	1037 	1925 	1321 	1578 	1231 	1537 	1447 	1466 	1377 	1458 	1127 	1481.53 
16 threads:	1609 	1673 	2283 	1614 	1217 	1522 	1046 	1733 	1671 	1405 	1504 	1311 	1914 	1578 	1476 	1583 	1931 	1578 	1596 	1757 	1468 	1431 	1402 	1614 	1586 	1643 	1654 	1445 	1630 	1419 	1576.43 
17 threads:	1783 	2191 	1939 	1757 	2057 	2232 	2125 	2203 	1902 	2203 	1845 	1973 	2232 	2711 	2184 	2025 	1999 	1877 	2281 	2094 	2233 	2051 	2138 	2027 	1982 	2303 	2047 	1724 	2208 	2090 	2080.53 
18 threads:	2009 	2327 	2377 	2303 	2096 	2519 	2326 	1804 	3315 	2152 	2417 	2160 	2283 	2350 	1933 	2165 	2321 	2430 	1954 	2263 	3102 	2199 	2349 	2214 	2647 	2621 	2243 	2674 	2278 	2314 	2338.17 
19 threads:	2231 	1881 	3512 	2265 	1761 	2784 	2680 	2151 	2309 	2749 	2309 	2386 	1907 	2016 	3369 	2082 	2242 	2572 	2460 	2276 	2035 	2667 	2122 	1479 	2228 	2482 	2282 	2298 	2772 	2716 	2367.43 
20 threads:	2485 	2265 	2630 	2226 	2391 	2508 	2534 	2532 	2200 	2195 	2574 	2541 	2237 	2001 	2370 	2194 	2176 	2686 	2368 	2385 	2251 	2002 	1902 	2631 	2442 	2205 	2518 	1797 	2961 	2421 	2354.27 
21 threads:	1640 	2651 	2082 	2809 	2993 	2709 	2525 	2852 	2269 	5751 	2229 	1924 	2117 	2850 	2173 	1957 	2253 	2387 	2365 	2675 	2531 	2165 	2317 	2247 	2773 	1703 	2646 	2609 	2689 	2341 	2507.73 
22 threads:	3947 	1864 	2235 	3161 	2557 	2271 	2007 	2454 	2601 	2571 	3338 	2647 	1804 	2560 	2996 	2487 	2608 	2735 	2507 	2821 	2789 	2026 	2842 	2283 	2591 	2036 	2254 	2621 	2970 	1717 	2543.33 
23 threads:	3559 	2553 	2389 	2388 	2931 	2472 	2919 	2384 	2921 	2070 	3697 	2734 	2884 	2789 	2599 	2420 	2436 	2505 	2927 	2388 	2555 	2340 	2416 	2923 	2413 	2542 	2384 	2897 	2051 	3002 	2649.60 
24 threads:	2922 	3185 	2473 	2705 	3016 	2650 	3141 	2601 	2677 	2741 	2575 	2445 	2645 	2622 	2692 	2846 	2977 	3057 	4228 	2955 	3095 	2665 	2899 	2142 	1863 	2722 	3180 	2782 	2733 	2610 	2794.80 
Final result for Tournament lock:
(2,111.67)
(3,192.40)
(4,242.87)
(5,393.63)
(6,479.20)
(7,537.57)
(8,609.07)
(9,940.77)
(10,1000.73)
(11,1121.40)
(12,1176.90)
(13,1285.67)
(14,1362.33)
(15,1481.53)
(16,1576.43)
(17,2080.53)
(18,2338.17)
(19,2367.43)
(20,2354.27)
(21,2507.73)
(22,2543.33)
(23,2649.60)
(24,2794.80)
2 & 111.67 & 14 & 1362.33
3 & 192.40 & 15 & 1481.53
4 & 242.87 & 16 & 1576.43
5 & 393.63 & 17 & 2080.53
6 & 479.20 & 18 & 2338.17
7 & 537.57 & 19 & 2367.43
8 & 609.07 & 20 & 2354.27
9 & 940.77 & 21 & 2507.73
10 & 1000.73 & 22 & 2543.33
11 & 1121.40 & 23 & 2649.60
12 & 1176.90 & 24 & 2794.80


Bakery lock benchmark:
2 threads:	163 	131 	154 	138 	173 	188 	144 	157 	136 	128 	155 	131 	93 	162 	122 	132 	105 	140 	117 	146 	145 	119 	103 	145 	148 	104 	165 	142 	133 	124 	138.10 
3 threads:	271 	317 	302 	246 	260 	267 	297 	302 	266 	314 	304 	297 	269 	279 	297 	254 	282 	261 	303 	301 	279 	268 	310 	252 	268 	287 	294 	331 	263 	279 	284.00 
4 threads:	434 	387 	431 	401 	474 	385 	406 	380 	460 	464 	428 	479 	397 	465 	410 	464 	466 	399 	458 	392 	426 	397 	497 	375 	407 	457 	426 	436 	383 	471 	428.50 
5 threads:	495 	622 	528 	522 	605 	618 	638 	557 	669 	714 	668 	604 	594 	596 	545 	554 	701 	724 	631 	586 	570 	633 	540 	579 	586 	530 	538 	567 	580 	587 	596.03 
6 threads:	661 	768 	678 	748 	786 	645 	818 	721 	668 	877 	688 	755 	847 	665 	818 	684 	715 	838 	650 	706 	775 	776 	823 	697 	739 	735 	700 	770 	743 	825 	743.97 
7 threads:	891 	991 	1110 	856 	894 	841 	960 	880 	952 	1046 	863 	840 	1029 	899 	785 	1101 	1044 	829 	900 	1014 	878 	885 	859 	967 	909 	872 	1047 	966 	825 	982 	930.50 
8 threads:	1061 	942 	1013 	1094 	1054 	984 	1161 	1065 	1083 	1279 	1325 	1047 	1267 	1062 	1292 	1149 	1239 	1065 	996 	941 	1041 	1014 	1041 	1056 	1028 	1070 	1112 	976 	1095 	1304 	1095.20 
9 threads:	1627 	1272 	1617 	1256 	1245 	1162 	1202 	1555 	1149 	1294 	1100 	1076 	1682 	1238 	1440 	1228 	1188 	1491 	1195 	1425 	1135 	1208 	1140 	1197 	1589 	1243 	1376 	1754 	1176 	1282 	1318.07 
10 threads:	1380 	1744 	1765 	1368 	1210 	1932 	1451 	1345 	1387 	2218 	1424 	1519 	1339 	1714 	1665 	1327 	1312 	1554 	1491 	1329 	1302 	1327 	2217 	1415 	1386 	1530 	1528 	1478 	1239 	1340 	1507.87 
11 threads:	1501 	1524 	2112 	2171 	1757 	1683 	1499 	1643 	1609 	1814 	2388 	2652 	1575 	1614 	1642 	1528 	1516 	1620 	1601 	1620 	1982 	1939 	1956 	1730 	1622 	1582 	1554 	1604 	1682 	1577 	1743.23 
12 threads:	2332 	2065 	1712 	1892 	1582 	2314 	2279 	1763 	1616 	1740 	2899 	1805 	2138 	1588 	1730 	2209 	1667 	1703 	2798 	2793 	1777 	2048 	1789 	1691 	2957 	1607 	2473 	1618 	1599 	2578 	2025.40 
13 threads:	2074 	3434 	1854 	1805 	2024 	2545 	1954 	3091 	2148 	2005 	1999 	2059 	2152 	2237 	1925 	2075 	3236 	1932 	2039 	3774 	2705 	1832 	2015 	2007 	1762 	2097 	1993 	1983 	2286 	2320 	2245.40 
14 threads:	2258 	2051 	2224 	2046 	2277 	2166 	2583 	3092 	3102 	3779 	2717 	2291 	3807 	2230 	4807 	2304 	2120 	2188 	2361 	2074 	2188 	2685 	2176 	2922 	2549 	3349 	2396 	3800 	2070 	2462 	2635.80 
15 threads:	3479 	3898 	2346 	4596 	2281 	3742 	2413 	2296 	2729 	2501 	3690 	2356 	3636 	2230 	4917 	2372 	3365 	2261 	3024 	4431 	2248 	4576 	2290 	3606 	4071 	2307 	3087 	2228 	2196 	4314 	3116.20 
16 threads:	2596 	3072 	2621 	2553 	2503 	3108 	2685 	2549 	2588 	3434 	2762 	2518 	6062 	2321 	5466 	2547 	2605 	2609 	3410 	3582 	2598 	2738 	5442 	4266 	2416 	2561 	3242 	2453 	3014 	2595 	3097.20 
17 threads:	2977 	2928 	2666 	2796 	2924 	3105 	4350 	4650 	3979 	4984 	7028 	2496 	2679 	2887 	2805 	3054 	2888 	3388 	4443 	4419 	4773 	2722 	2764 	2842 	2744 	5065 	6141 	2985 	2784 	2672 	3564.60 
18 threads:	3028 	3077 	4062 	2910 	4138 	2989 	2991 	6683 	6592 	3172 	3552 	3065 	3015 	5188 	3144 	4621 	2973 	2684 	6926 	2722 	5373 	3529 	2968 	2851 	7328 	2934 	4621 	2949 	3171 	5828 	3969.47 
19 threads:	3224 	6290 	4655 	3261 	7281 	5145 	3280 	5660 	7100 	3109 	3033 	2986 	6536 	3497 	3201 	3412 	3981 	3173 	3204 	3478 	5279 	3180 	3314 	5450 	4191 	3268 	3230 	3091 	7048 	5496 	4301.77 
20 threads:	3227 	3568 	3280 	3214 	4235 	3684 	6213 	4898 	3849 	6989 	4695 	6755 	3368 	3317 	3101 	3434 	3412 	3592 	6007 	5397 	3342 	8746 	3607 	4135 	3384 	3399 	3231 	4289 	3643 	6130 	4338.03 
21 threads:	3833 	4112 	4678 	3356 	3662 	3699 	3368 	6732 	3388 	5394 	3565 	3624 	7048 	4170 	8065 	3291 	4860 	3334 	6095 	3697 	3652 	5608 	3608 	4701 	8407 	7700 	3605 	5093 	7226 	3665 	4774.53 
22 threads:	6139 	4118 	3658 	7397 	7733 	3704 	3675 	3497 	3938 	5280 	4083 	3937 	3969 	8236 	3701 	4036 	8237 	4009 	4020 	7447 	6128 	3729 	4092 	3950 	9122 	3683 	5361 	10182 	4081 	3899 	5168.03 
23 threads:	11924 	8507 	4260 	3846 	3806 	3721 	3934 	9329 	5914 	4148 	4322 	3792 	4198 	4121 	3937 	4196 	4108 	5418 	4109 	4245 	4060 	3785 	4078 	3870 	3868 	4032 	4355 	9395 	9102 	4163 	5084.77 
24 threads:	6210 	4456 	5881 	4235 	4330 	13426 	4453 	11490 	4398 	6866 	4135 	4296 	11593 	4720 	7298 	4563 	5451 	4387 	4533 	4764 	4475 	10402 	4358 	4458 	5542 	4370 	5786 	4395 	5543 	4384 	5839.93 
Final result for Bakery lock:
(2,138.10)
(3,284.00)
(4,428.50)
(5,596.03)
(6,743.97)
(7,930.50)
(8,1095.20)
(9,1318.07)
(10,1507.87)
(11,1743.23)
(12,2025.40)
(13,2245.40)
(14,2635.80)
(15,3116.20)
(16,3097.20)
(17,3564.60)
(18,3969.47)
(19,4301.77)
(20,4338.03)
(21,4774.53)
(22,5168.03)
(23,5084.77)
(24,5839.93)
2 & 138.10 & 14 & 2635.80
3 & 284.00 & 15 & 3116.20
4 & 428.50 & 16 & 3097.20
5 & 596.03 & 17 & 3564.60
6 & 743.97 & 18 & 3969.47
7 & 930.50 & 19 & 4301.77
8 & 1095.20 & 20 & 4338.03
9 & 1318.07 & 21 & 4774.53
10 & 1507.87 & 22 & 5168.03
11 & 1743.23 & 23 & 5084.77
12 & 2025.40 & 24 & 5839.93

Final result
2 & 111.67 & 138.10 & 14 & 1362.33 & 2635.80 \\
3 & 192.40 & 284.00 & 15 & 1481.53 & 3116.20 \\
4 & 242.87 & 428.50 & 16 & 1576.43 & 3097.20 \\
5 & 393.63 & 596.03 & 17 & 2080.53 & 3564.60 \\
6 & 479.20 & 743.97 & 18 & 2338.17 & 3969.47 \\
7 & 537.57 & 930.50 & 19 & 2367.43 & 4301.77 \\
8 & 609.07 & 1095.20 & 20 & 2354.27 & 4338.03 \\
9 & 940.77 & 1318.07 & 21 & 2507.73 & 4774.53 \\
10 & 1000.73 & 1507.87 & 22 & 2543.33 & 5168.03 \\
11 & 1121.40 & 1743.23 & 23 & 2649.60 & 5084.77 \\
12 & 1176.90 & 2025.40 & 24 & 2794.80 & 5839.93 \\

