Tournament lock benchmark:
1 threads:	33 	18 	2 	4 	4 	4 	4 	4 	4 	4 	4 	3 	3 	4 	4 	6.60 
2 threads:	105 	89 	83 	104 	103 	83 	103 	88 	71 	83 	78 	79 	113 	93 	119 	92.93 
3 threads:	163 	162 	171 	173 	152 	140 	174 	163 	181 	130 	154 	124 	139 	196 	168 	159.33 
4 threads:	231 	192 	212 	185 	179 	198 	171 	194 	149 	169 	182 	176 	168 	170 	282 	190.53 
5 threads:	427 	277 	317 	350 	377 	428 	318 	280 	353 	315 	362 	322 	356 	323 	315 	341.33 
6 threads:	389 	409 	413 	375 	346 	352 	537 	491 	378 	358 	402 	484 	474 	422 	376 	413.73 
7 threads:	462 	421 	522 	464 	506 	414 	464 	400 	428 	423 	526 	462 	444 	461 	519 	461.07 
8 threads:	638 	627 	451 	410 	551 	451 	580 	463 	664 	436 	625 	490 	617 	376 	521 	526.67 
9 threads:	641 	902 	670 	802 	845 	846 	653 	878 	816 	785 	876 	870 	876 	801 	806 	804.47 
10 threads:	1016 	638 	816 	803 	583 	775 	678 	767 	897 	798 	892 	719 	603 	855 	944 	785.60 
11 threads:	925 	866 	866 	784 	779 	844 	773 	819 	624 	973 	664 	806 	850 	660 	952 	812.33 
12 threads:	881 	1581 	925 	1014 	806 	1060 	895 	1115 	811 	829 	916 	917 	857 	1045 	1012 	977.60 
13 threads:	965 	1199 	1201 	1169 	1068 	1067 	900 	879 	893 	991 	959 	846 	1044 	1050 	1085 	1021.07 
14 threads:	1107 	1204 	1285 	1090 	1272 	1020 	1322 	1219 	836 	956 	954 	829 	921 	867 	769 	1043.40 
15 threads:	1177 	1058 	1167 	745 	1530 	1214 	1310 	906 	927 	1067 	1173 	1532 	1202 	794 	968 	1118.00 
16 threads:	1110 	1225 	1364 	1439 	1530 	1269 	974 	1275 	767 	1315 	1326 	1148 	1103 	901 	1321 	1204.47 
17 threads:	1890 	1692 	2466 	1333 	1814 	1854 	1527 	1827 	1682 	1537 	1966 	1653 	1701 	1537 	1639 	1741.20 
18 threads:	1812 	1273 	2053 	1939 	1850 	1772 	1649 	1783 	1551 	1637 	1857 	1764 	1813 	1167 	1781 	1713.40 
19 threads:	1325 	1830 	1603 	1971 	1908 	2159 	1810 	1907 	1596 	1599 	1742 	1883 	1826 	1947 	1341 	1763.13 
20 threads:	1964 	2007 	1875 	2069 	1302 	1467 	1495 	2052 	1876 	1810 	1790 	1493 	1684 	2356 	2012 	1816.80 
21 threads:	2313 	2111 	1731 	1870 	1806 	2319 	1410 	2076 	2115 	2170 	1357 	2451 	1878 	1616 	2029 	1950.13 
22 threads:	2501 	2087 	2167 	1987 	1866 	2239 	1938 	2048 	1259 	1609 	1710 	1982 	2115 	1776 	1864 	1943.20 
23 threads:	2558 	2303 	2204 	1801 	2141 	2470 	1677 	2278 	2053 	2324 	2164 	2640 	2598 	1436 	2198 	2189.67 
24 threads:	2118 	2473 	2263 	2841 	2847 	2272 	2272 	2172 	1846 	2246 	2039 	2054 	2181 	2507 	2410 	2302.73 
25 threads:	2572 	2582 	2114 	1805 	2118 	2285 	2298 	2359 	1867 	3401 	2294 	1451 	1815 	2276 	2094 	2222.07 
26 threads:	2141 	2228 	2491 	2943 	2807 	2040 	2375 	2367 	2451 	2328 	2300 	2227 	2505 	2707 	2504 	2427.60 
27 threads:	2418 	1941 	1841 	2516 	2385 	2800 	2411 	3158 	2211 	1725 	1823 	2362 	2607 	2955 	2451 	2373.60 
28 threads:	2260 	2510 	3113 	1672 	2658 	2508 	2176 	2487 	2464 	2592 	2638 	2938 	3242 	2845 	2382 	2565.67 
29 threads:	2691 	2630 	2499 	1505 	2556 	2092 	3029 	2234 	2527 	2416 	2573 	2767 	2694 	2590 	2802 	2507.00 
30 threads:	2601 	1930 	2129 	2590 	3160 	2489 	2625 	2521 	3691 	3130 	2892 	3502 	3494 	2279 	2613 	2776.40 
31 threads:	2483 	1830 	2879 	2504 	2482 	2723 	3319 	2881 	3101 	2231 	2561 	2829 	2322 	2678 	3524 	2689.80 
32 threads:	3604 	3055 	3138 	3046 	2940 	3356 	3125 	3900 	2840 	3276 	3629 	2104 	2593 	2779 	2306 	3046.07 
33 threads:	2794 	3538 	3605 	3904 	3595 	4111 	4647 	3785 	3072 	3988 	3345 	3486 	3339 	5838 	3129 	3745.07 
34 threads:	3415 	4076 	3998 	3515 	4254 	3849 	3978 	4359 	3775 	4171 	3388 	5759 	3892 	4303 	4086 	4054.53 
35 threads:	3148 	3725 	4679 	4039 	4406 	3684 	3970 	3856 	3024 	3897 	4110 	3750 	4530 	3189 	3580 	3839.13 
36 threads:	5151 	4152 	3706 	4086 	3640 	4610 	5036 	4097 	3685 	3613 	3905 	3996 	3720 	3811 	4007 	4081.00 
Final result for Tournament lock:
plot format:
(1,6.60)
(2,92.93)
(3,159.33)
(4,190.53)
(5,341.33)
(6,413.73)
(7,461.07)
(8,526.67)
(9,804.47)
(10,785.60)
(11,812.33)
(12,977.60)
(13,1021.07)
(14,1043.40)
(15,1118.00)
(16,1204.47)
(17,1741.20)
(18,1713.40)
(19,1763.13)
(20,1816.80)
(21,1950.13)
(22,1943.20)
(23,2189.67)
(24,2302.73)
(25,2222.07)
(26,2427.60)
(27,2373.60)
(28,2565.67)
(29,2507.00)
(30,2776.40)
(31,2689.80)
(32,3046.07)
(33,3745.07)
(34,4054.53)
(35,3839.13)
(36,4081.00)
table format:
1 & 6.60 & 19 & 1763.13
2 & 92.93 & 20 & 1816.80
3 & 159.33 & 21 & 1950.13
4 & 190.53 & 22 & 1943.20
5 & 341.33 & 23 & 2189.67
6 & 413.73 & 24 & 2302.73
7 & 461.07 & 25 & 2222.07
8 & 526.67 & 26 & 2427.60
9 & 804.47 & 27 & 2373.60
10 & 785.60 & 28 & 2565.67
11 & 812.33 & 29 & 2507.00
12 & 977.60 & 30 & 2776.40
13 & 1021.07 & 31 & 2689.80
14 & 1043.40 & 32 & 3046.07
15 & 1118.00 & 33 & 3745.07
16 & 1204.47 & 34 & 4054.53
17 & 1741.20 & 35 & 3839.13
18 & 1713.40 & 36 & 4081.00


Bakery lock benchmark:
1 threads:	64 	15 	7 	7 	7 	7 	7 	7 	7 	8 	7 	7 	7 	7 	7 	11.40 
2 threads:	128 	88 	53 	53 	59 	55 	61 	62 	58 	68 	67 	56 	96 	88 	117 	73.93 
3 threads:	202 	220 	235 	213 	203 	214 	196 	184 	233 	198 	229 	262 	214 	219 	225 	216.47 
4 threads:	341 	324 	375 	343 	343 	387 	333 	343 	324 	385 	358 	325 	353 	347 	374 	350.33 
5 threads:	401 	493 	411 	543 	396 	496 	387 	392 	498 	377 	471 	408 	431 	424 	542 	444.67 
6 threads:	542 	730 	559 	675 	561 	652 	664 	590 	526 	568 	605 	563 	683 	568 	617 	606.87 
7 threads:	782 	791 	760 	728 	827 	793 	728 	608 	644 	730 	632 	833 	755 	696 	777 	738.93 
8 threads:	979 	995 	829 	1073 	796 	864 	880 	810 	749 	842 	894 	903 	1008 	1066 	823 	900.73 
9 threads:	1304 	989 	1408 	846 	982 	877 	967 	1441 	871 	1188 	1026 	1225 	993 	1024 	1046 	1079.13 
10 threads:	1014 	1401 	1203 	1144 	1149 	1412 	1147 	1011 	1287 	1084 	1146 	1186 	1153 	1305 	1111 	1183.53 
11 threads:	1648 	1229 	1117 	1233 	1307 	1396 	1234 	1229 	1328 	1504 	1556 	1688 	1815 	1315 	1429 	1401.87 
12 threads:	1754 	1626 	1338 	1485 	1326 	1655 	1829 	1499 	1342 	1381 	2319 	1506 	1765 	1319 	1360 	1566.93 
13 threads:	1800 	1601 	1747 	1510 	2334 	1628 	1562 	2711 	2082 	1450 	1595 	1790 	1902 	1610 	1699 	1801.40 
14 threads:	1872 	2311 	2722 	2074 	2953 	1930 	2956 	1802 	3537 	1766 	1819 	1722 	1834 	1692 	1757 	2183.13 
15 threads:	2074 	2793 	1871 	1988 	1851 	1859 	1690 	3105 	1836 	1960 	1695 	1828 	2340 	1717 	2997 	2106.93 
16 threads:	3679 	2985 	2255 	2056 	3342 	2076 	2101 	2288 	3139 	2015 	2033 	2685 	2696 	2049 	2093 	2499.47 
17 threads:	2844 	2710 	2207 	2141 	2174 	2318 	3899 	2693 	2362 	2176 	2148 	2264 	2249 	2026 	2137 	2423.20 
18 threads:	2498 	3334 	2368 	3077 	5009 	2369 	2827 	2432 	2254 	3940 	2346 	3750 	2500 	2305 	5174 	3078.87 
19 threads:	2533 	3001 	3130 	2761 	2703 	2758 	4453 	2586 	2717 	3458 	2836 	2694 	2376 	6044 	3083 	3142.20 
20 threads:	2977 	2837 	2579 	4588 	5935 	2949 	7014 	2870 	4339 	2764 	4091 	3462 	3808 	2955 	2777 	3729.67 
21 threads:	2962 	3233 	2861 	3108 	4585 	3072 	2931 	3739 	2867 	5611 	2868 	3186 	5225 	2968 	3872 	3539.20 
22 threads:	5726 	4432 	2802 	6668 	3232 	3123 	5888 	4759 	3374 	3341 	6545 	6905 	3233 	17071 	3014 	5340.87 
23 threads:	7334 	6177 	3385 	3438 	3551 	3334 	3523 	3883 	3464 	4712 	4945 	7602 	3436 	3112 	3280 	4345.07 
24 threads:	3433 	3503 	3527 	3777 	4752 	3727 	6920 	3610 	4125 	4910 	3309 	4386 	7698 	4175 	3263 	4341.00 
25 threads:	3935 	3643 	6840 	4416 	3596 	9586 	5582 	4162 	10347 	5480 	4598 	3679 	5882 	7568 	3694 	5533.87 
26 threads:	8130 	6415 	9262 	4311 	7343 	3897 	3960 	4082 	3912 	4195 	4224 	5521 	7919 	4191 	3869 	5415.40 
27 threads:	4056 	4943 	8729 	4424 	5848 	9951 	4151 	7660 	4191 	6189 	4307 	4842 	5707 	12725 	4422 	6143.00 
28 threads:	5681 	4588 	4324 	7011 	4299 	4821 	6681 	6919 	5737 	4756 	8947 	8221 	4559 	4366 	4609 	5701.27 
29 threads:	7998 	6459 	10128 	4634 	4867 	4774 	4660 	5115 	8524 	4780 	4927 	4893 	4671 	4708 	4930 	5737.87 
30 threads:	5314 	6543 	4829 	9126 	10382 	5443 	6170 	5076 	5786 	8938 	4980 	6319 	5682 	4891 	8783 	6550.80 
31 threads:	6463 	6506 	11371 	7867 	5454 	5571 	13282 	9710 	12495 	8513 	5996 	5344 	5631 	6374 	6359 	7795.73 
32 threads:	5690 	5730 	12197 	13578 	5610 	6018 	5707 	5947 	11772 	10215 	14750 	5772 	5760 	5991 	5756 	8032.87 
33 threads:	5716 	12692 	6223 	8798 	6152 	8195 	5487 	6312 	10652 	5909 	9910 	12679 	5490 	6852 	5813 	7792.00 
34 threads:	10388 	7305 	6541 	6733 	11170 	6506 	8560 	9512 	6187 	6394 	13055 	11489 	6549 	9575 	13401 	8891.00 
35 threads:	6097 	8005 	7735 	11241 	12082 	15037 	10908 	16146 	7185 	6728 	7170 	6895 	7653 	9492 	9483 	9457.13 
36 threads:	8209 	7241 	13806 	6934 	10663 	7392 	12150 	12973 	7572 	8273 	9341 	14638 	7426 	12185 	7134 	9729.13 
Final result for Bakery lock:
plot format:
(1,11.40)
(2,73.93)
(3,216.47)
(4,350.33)
(5,444.67)
(6,606.87)
(7,738.93)
(8,900.73)
(9,1079.13)
(10,1183.53)
(11,1401.87)
(12,1566.93)
(13,1801.40)
(14,2183.13)
(15,2106.93)
(16,2499.47)
(17,2423.20)
(18,3078.87)
(19,3142.20)
(20,3729.67)
(21,3539.20)
(22,5340.87)
(23,4345.07)
(24,4341.00)
(25,5533.87)
(26,5415.40)
(27,6143.00)
(28,5701.27)
(29,5737.87)
(30,6550.80)
(31,7795.73)
(32,8032.87)
(33,7792.00)
(34,8891.00)
(35,9457.13)
(36,9729.13)
table format:
1 & 11.40 & 19 & 3142.20
2 & 73.93 & 20 & 3729.67
3 & 216.47 & 21 & 3539.20
4 & 350.33 & 22 & 5340.87
5 & 444.67 & 23 & 4345.07
6 & 606.87 & 24 & 4341.00
7 & 738.93 & 25 & 5533.87
8 & 900.73 & 26 & 5415.40
9 & 1079.13 & 27 & 6143.00
10 & 1183.53 & 28 & 5701.27
11 & 1401.87 & 29 & 5737.87
12 & 1566.93 & 30 & 6550.80
13 & 1801.40 & 31 & 7795.73
14 & 2183.13 & 32 & 8032.87
15 & 2106.93 & 33 & 7792.00
16 & 2499.47 & 34 & 8891.00
17 & 2423.20 & 35 & 9457.13
18 & 3078.87 & 36 & 9729.13

Final result
1 & 6.60 & 11.40 & 19 & 1763.13 & 3142.20 \\
2 & 92.93 & 73.93 & 20 & 1816.80 & 3729.67 \\
3 & 159.33 & 216.47 & 21 & 1950.13 & 3539.20 \\
4 & 190.53 & 350.33 & 22 & 1943.20 & 5340.87 \\
5 & 341.33 & 444.67 & 23 & 2189.67 & 4345.07 \\
6 & 413.73 & 606.87 & 24 & 2302.73 & 4341.00 \\
7 & 461.07 & 738.93 & 25 & 2222.07 & 5533.87 \\
8 & 526.67 & 900.73 & 26 & 2427.60 & 5415.40 \\
9 & 804.47 & 1079.13 & 27 & 2373.60 & 6143.00 \\
10 & 785.60 & 1183.53 & 28 & 2565.67 & 5701.27 \\
11 & 812.33 & 1401.87 & 29 & 2507.00 & 5737.87 \\
12 & 977.60 & 1566.93 & 30 & 2776.40 & 6550.80 \\
13 & 1021.07 & 1801.40 & 31 & 2689.80 & 7795.73 \\
14 & 1043.40 & 2183.13 & 32 & 3046.07 & 8032.87 \\
15 & 1118.00 & 2106.93 & 33 & 3745.07 & 7792.00 \\
16 & 1204.47 & 2499.47 & 34 & 4054.53 & 8891.00 \\
17 & 1741.20 & 2423.20 & 35 & 3839.13 & 9457.13 \\
18 & 1713.40 & 3078.87 & 36 & 4081.00 & 9729.13 \\

