Tournament lock benchmark:
2 threads:	177 	112 	81 	92 	102 	120 	133 	115 	101 	80 	67 	81 	87 	68 	96 	100.80 
3 threads:	224 	158 	251 	179 	231 	183 	131 	157 	176 	154 	163 	119 	224 	241 	127 	181.20 
4 threads:	172 	253 	180 	253 	182 	163 	180 	190 	276 	154 	166 	189 	206 	160 	166 	192.67 
5 threads:	368 	393 	392 	351 	275 	319 	362 	339 	328 	275 	400 	264 	375 	277 	289 	333.80 
6 threads:	349 	311 	440 	265 	404 	412 	403 	490 	414 	362 	295 	392 	368 	407 	448 	384.00 
7 threads:	545 	384 	417 	513 	363 	362 	564 	571 	449 	435 	425 	508 	562 	492 	370 	464.00 
8 threads:	561 	514 	599 	501 	604 	365 	463 	362 	621 	321 	648 	470 	579 	515 	528 	510.07 
9 threads:	662 	851 	953 	780 	814 	766 	783 	731 	864 	895 	886 	791 	732 	788 	725 	801.40 
10 threads:	911 	893 	910 	858 	557 	904 	1050 	901 	878 	770 	830 	1019 	589 	807 	840 	847.80 
11 threads:	944 	1058 	932 	849 	834 	816 	849 	917 	804 	934 	728 	790 	939 	819 	935 	876.53 
12 threads:	910 	858 	921 	900 	1038 	938 	939 	955 	716 	922 	947 	856 	1001 	981 	856 	915.87 
13 threads:	806 	1151 	1100 	1230 	1116 	1113 	1041 	728 	963 	1047 	935 	1173 	1090 	1114 	1251 	1057.20 
14 threads:	1168 	1274 	1108 	1204 	1350 	1311 	1081 	1203 	1157 	1108 	1170 	1113 	1178 	1242 	1342 	1200.60 
15 threads:	1082 	1296 	1093 	1272 	1122 	1377 	792 	989 	1154 	1262 	818 	1081 	1170 	975 	1068 	1103.40 
16 threads:	1581 	1162 	1091 	1310 	1273 	1199 	814 	1105 	1171 	978 	1334 	1328 	1261 	1321 	1233 	1210.73 
17 threads:	1998 	1836 	2244 	1642 	1726 	1608 	1817 	1738 	1738 	1841 	1749 	1507 	1605 	1604 	1741 	1759.60 
18 threads:	1814 	1320 	1652 	1526 	1554 	1737 	1271 	1448 	1701 	1539 	1917 	1864 	1786 	1686 	1533 	1623.20 
19 threads:	1336 	1839 	1630 	2019 	1932 	2010 	1488 	1937 	1848 	1849 	1830 	1918 	1833 	1928 	1363 	1784.00 
20 threads:	1819 	1807 	1965 	2064 	1921 	1229 	1983 	1989 	1824 	1955 	1908 	1342 	1267 	1947 	1896 	1794.40 
21 threads:	2014 	2073 	1710 	1304 	1921 	1814 	1691 	2146 	2032 	2008 	2053 	2382 	2015 	1725 	2046 	1928.93 
22 threads:	1605 	2335 	1316 	1870 	1745 	2097 	1876 	2030 	1256 	1618 	1690 	1973 	2122 	2124 	1992 	1843.27 
23 threads:	2585 	2543 	2242 	1770 	2143 	2445 	1709 	2212 	2086 	2353 	2149 	2709 	2643 	1405 	2127 	2208.07 
24 threads:	2241 	2488 	2265 	2890 	2878 	2419 	2238 	2234 	1862 	2823 	2060 	2079 	2182 	2358 	2469 	2365.73 
25 threads:	2545 	2784 	2137 	1785 	2164 	2301 	2354 	2372 	1915 	3314 	2301 	1447 	1837 	2298 	2088 	2242.80 
26 threads:	2138 	2211 	2534 	2831 	2859 	2077 	2403 	2404 	2519 	2407 	2325 	2460 	2450 	2658 	2500 	2451.73 
27 threads:	2374 	2036 	1808 	2549 	2449 	3004 	2365 	3148 	2832 	1731 	1875 	2317 	2694 	3224 	2464 	2458.00 
28 threads:	2035 	2499 	3090 	1589 	2696 	2552 	2193 	2468 	2513 	2610 	2630 	2911 	3283 	2902 	2958 	2595.27 
29 threads:	2773 	1954 	2547 	1495 	2566 	2171 	3138 	3095 	2821 	2777 	2414 	2234 	2458 	2671 	3000 	2540.93 
30 threads:	2975 	2092 	2069 	2947 	3065 	3182 	3401 	2151 	2548 	2468 	2763 	1703 	2635 	2980 	2966 	2663.00 
31 threads:	4368 	2836 	1722 	2046 	2943 	2898 	3413 	3011 	2668 	2799 	2582 	3017 	3322 	3316 	2354 	2886.33 
32 threads:	3631 	3037 	2548 	2986 	3967 	3197 	3008 	4752 	3872 	2023 	2759 	3191 	2616 	3048 	3469 	3206.93 
33 threads:	2582 	4354 	3808 	3999 	3887 	3539 	9992 	3185 	3998 	3401 	4005 	3618 	3425 	3735 	3255 	4052.20 
34 threads:	4375 	3013 	3284 	3794 	4044 	3662 	3479 	3265 	3694 	3096 	3486 	3802 	3848 	3520 	3505 	3591.13 
35 threads:	4202 	3496 	4175 	4302 	3723 	3705 	3334 	2892 	3797 	3441 	3105 	4030 	3992 	4194 	3068 	3697.07 
36 threads:	3717 	4223 	3458 	4146 	3361 	3612 	3955 	4576 	3641 	4848 	3986 	3936 	4053 	3684 	3745 	3929.40 
37 threads:	2884 	3289 	3737 	4192 	4092 	3506 	3879 	4030 	4569 	4029 	4311 	3622 	3990 	4519 	3581 	3882.00 
38 threads:	4179 	3906 	5059 	5107 	4687 	5480 	4121 	4149 	3820 	4776 	3573 	4214 	3839 	3913 	4600 	4361.53 
39 threads:	4303 	4115 	4393 	4895 	4225 	4030 	4235 	4664 	4281 	5277 	4190 	4324 	4130 	4629 	4236 	4395.13 
40 threads:	4600 	4000 	3852 	4256 	4474 	4835 	4865 	3836 	3528 	5360 	3699 	4191 	3065 	3993 	4364 	4194.53 
41 threads:	5055 	4589 	3335 	5567 	5170 	5069 	4207 	4335 	4252 	4406 	4708 	4629 	3742 	5255 	4814 	4608.87 
42 threads:	4546 	4948 	3419 	4499 	4909 	4309 	3832 	4793 	4829 	3383 	5352 	4168 	4635 	3765 	4786 	4411.53 
43 threads:	3683 	4751 	5341 	5478 	4107 	4815 	4611 	4558 	4178 	4734 	4492 	3892 	4695 	3778 	4671 	4518.93 
44 threads:	3776 	4538 	5422 	4534 	4576 	4278 	5801 	4004 	4868 	4506 	5478 	4739 	4547 	4829 	4822 	4714.53 
45 threads:	5090 	4820 	4504 	4980 	4641 	4403 	3983 	4759 	4745 	4450 	4434 	5588 	4637 	4709 	4570 	4687.53 
46 threads:	4959 	5368 	5320 	5171 	4885 	3896 	4748 	4999 	4691 	4419 	4861 	5093 	4951 	5012 	5673 	4936.40 
47 threads:	5525 	4841 	5521 	4613 	5938 	5175 	4143 	5115 	5489 	5221 	7213 	4528 	5285 	5066 	4967 	5242.67 
48 threads:	4855 	6096 	4944 	4957 	5219 	3568 	5131 	5315 	4992 	4702 	5111 	5329 	4541 	5760 	4317 	4989.13 
Final result for Tournament lock:
(2,100.80)
(3,181.20)
(4,192.67)
(5,333.80)
(6,384.00)
(7,464.00)
(8,510.07)
(9,801.40)
(10,847.80)
(11,876.53)
(12,915.87)
(13,1057.20)
(14,1200.60)
(15,1103.40)
(16,1210.73)
(17,1759.60)
(18,1623.20)
(19,1784.00)
(20,1794.40)
(21,1928.93)
(22,1843.27)
(23,2208.07)
(24,2365.73)
(25,2242.80)
(26,2451.73)
(27,2458.00)
(28,2595.27)
(29,2540.93)
(30,2663.00)
(31,2886.33)
(32,3206.93)
(33,4052.20)
(34,3591.13)
(35,3697.07)
(36,3929.40)
(37,3882.00)
(38,4361.53)
(39,4395.13)
(40,4194.53)
(41,4608.87)
(42,4411.53)
(43,4518.93)
(44,4714.53)
(45,4687.53)
(46,4936.40)
(47,5242.67)
(48,4989.13)
2 & 100.80 & 26 & 2451.73
3 & 181.20 & 27 & 2458.00
4 & 192.67 & 28 & 2595.27
5 & 333.80 & 29 & 2540.93
6 & 384.00 & 30 & 2663.00
7 & 464.00 & 31 & 2886.33
8 & 510.07 & 32 & 3206.93
9 & 801.40 & 33 & 4052.20
10 & 847.80 & 34 & 3591.13
11 & 876.53 & 35 & 3697.07
12 & 915.87 & 36 & 3929.40
13 & 1057.20 & 37 & 3882.00
14 & 1200.60 & 38 & 4361.53
15 & 1103.40 & 39 & 4395.13
16 & 1210.73 & 40 & 4194.53
17 & 1759.60 & 41 & 4608.87
18 & 1623.20 & 42 & 4411.53
19 & 1784.00 & 43 & 4518.93
20 & 1794.40 & 44 & 4714.53
21 & 1928.93 & 45 & 4687.53
22 & 1843.27 & 46 & 4936.40
23 & 2208.07 & 47 & 5242.67
24 & 2365.73 & 48 & 4989.13


Bakery lock benchmark:
2 threads:	121 	89 	94 	105 	60 	47 	52 	59 	79 	71 	62 	85 	62 	52 	91 	75.27 
3 threads:	236 	202 	192 	221 	206 	175 	247 	173 	237 	230 	198 	261 	243 	210 	251 	218.80 
4 threads:	302 	384 	312 	366 	305 	374 	314 	310 	377 	375 	383 	323 	370 	343 	363 	346.73 
5 threads:	373 	507 	417 	409 	481 	385 	510 	365 	481 	441 	538 	471 	419 	526 	525 	456.53 
6 threads:	720 	639 	673 	546 	560 	695 	617 	605 	662 	584 	685 	654 	588 	639 	622 	632.60 
7 threads:	703 	749 	693 	657 	911 	765 	643 	732 	745 	709 	654 	656 	606 	839 	729 	719.40 
8 threads:	852 	979 	1158 	801 	809 	943 	826 	805 	884 	799 	1013 	994 	900 	1235 	871 	924.60 
9 threads:	1085 	1034 	1177 	941 	982 	1025 	1115 	1028 	1030 	1035 	1033 	1025 	862 	1127 	953 	1030.13 
10 threads:	1093 	1157 	1171 	1354 	1117 	1057 	1153 	1185 	1143 	1169 	1587 	1222 	1132 	1115 	1253 	1193.87 
11 threads:	1222 	1291 	1263 	1323 	1384 	1436 	1326 	1702 	1335 	1197 	1306 	1155 	1417 	1556 	1441 	1356.93 
12 threads:	1989 	2586 	1289 	2302 	1390 	1879 	1488 	1561 	1990 	6312 	2189 	1448 	1631 	1460 	1415 	2061.93 
13 threads:	2257 	1581 	1568 	1756 	1527 	1488 	1462 	1602 	2499 	1543 	1472 	2622 	1615 	2684 	2184 	1857.33 
14 threads:	1805 	1817 	1682 	1725 	1753 	1807 	2557 	2129 	2497 	3251 	2184 	1728 	3042 	1866 	2191 	2135.60 
15 threads:	1914 	3856 	1897 	2653 	1844 	2627 	2016 	1963 	2118 	1989 	2712 	1959 	1891 	3161 	2303 	2326.87 
16 threads:	3159 	2005 	2204 	2579 	2658 	2093 	2115 	4124 	3388 	2176 	1978 	2499 	2905 	2155 	3657 	2646.33 
17 threads:	2450 	2283 	2210 	2444 	2512 	3778 	3877 	3103 	3616 	3379 	2138 	2276 	2256 	4890 	2303 	2901.00 
18 threads:	4648 	2602 	4570 	2478 	3103 	2390 	2555 	3413 	2534 	2755 	2669 	3106 	2515 	2417 	5651 	3160.40 
19 threads:	2667 	6233 	2807 	2633 	2661 	3453 	4497 	2663 	5812 	2854 	2825 	4818 	5654 	2557 	2688 	3654.80 
20 threads:	3927 	2770 	5210 	2574 	2514 	5841 	6891 	5058 	2909 	2903 	2747 	2984 	2736 	3424 	3930 	3761.20 
21 threads:	3487 	7451 	2899 	4581 	3172 	5653 	2962 	2898 	6871 	2946 	3197 	3944 	6336 	2964 	4380 	4249.40 
22 threads:	8275 	4778 	3205 	2958 	5896 	4102 	3225 	4408 	8117 	5991 	3153 	2924 	4335 	4714 	3386 	4631.13 
23 threads:	3481 	3344 	3084 	7683 	5137 	7639 	3789 	3283 	3622 	3465 	3367 	3417 	3762 	4426 	7002 	4433.40 
24 threads:	9625 	3428 	5177 	3631 	3361 	6728 	3666 	3919 	8102 	3833 	4954 	3739 	3805 	8848 	3589 	5093.67 
25 threads:	3797 	3771 	4763 	6093 	4425 	3902 	3902 	5144 	5097 	4047 	3907 	3527 	9148 	6816 	3721 	4804.00 
26 threads:	4993 	8222 	4027 	4022 	4186 	3747 	11163 	8585 	4291 	3869 	3875 	4326 	4253 	4090 	3909 	5170.53 
27 threads:	4511 	4494 	4327 	9102 	4486 	7948 	4207 	8480 	31961 	6020 	8723 	4324 	6454 	4524 	7280 	7789.40 
28 threads:	9426 	6873 	7088 	5913 	4564 	9070 	8577 	5702 	4706 	4931 	37652 	10463 	4678 	4610 	4650 	8593.53 
29 threads:	7491 	6892 	6783 	5474 	8859 	10678 	5118 	4963 	4937 	4983 	5077 	4890 	6452 	5136 	5044 	6185.13 
30 threads:	5259 	5292 	11054 	5373 	6040 	7772 	5216 	5377 	5763 	5060 	6929 	5226 	6802 	5242 	6467 	6191.47 
31 threads:	9261 	8404 	5798 	5683 	12302 	10128 	5500 	5721 	8819 	11767 	5909 	5423 	5167 	12282 	8472 	8042.40 
32 threads:	5963 	5925 	6172 	7153 	9306 	11038 	15464 	11218 	5253 	6041 	5732 	10262 	6056 	7808 	5694 	7939.00 
33 threads:	16902 	5576 	11732 	5963 	7227 	6683 	6194 	12649 	6267 	10682 	8824 	9629 	13259 	6344 	9613 	9169.60 
34 threads:	8144 	14427 	6392 	6880 	11797 	7857 	6551 	7186 	11241 	6551 	12065 	13048 	9331 	6618 	6418 	8967.07 
35 threads:	7851 	12987 	12025 	12991 	7864 	11077 	7070 	6509 	6877 	14315 	6750 	7029 	6919 	7018 	6974 	8950.40 
36 threads:	7546 	10802 	7515 	12041 	13337 	7462 	8267 	7494 	6701 	9782 	7168 	9521 	16172 	7313 	10800 	9461.40 
37 threads:	9726 	18428 	15478 	7779 	12322 	7738 	10753 	10143 	7148 	7638 	10644 	8009 	14222 	7707 	7236 	10331.40 
38 threads:	10366 	8970 	9150 	17586 	12310 	7473 	7361 	7891 	8734 	12316 	9177 	7211 	7220 	8035 	8670 	9498.00 
39 threads:	14647 	7384 	11208 	13360 	9781 	9211 	13813 	7930 	11687 	10960 	7795 	9956 	19036 	7711 	13168 	11176.47 
40 threads:	11451 	14814 	10121 	19216 	12140 	8750 	10698 	9567 	10412 	12492 	13955 	9285 	8192 	20513 	8970 	12038.40 
41 threads:	12577 	13387 	14736 	12873 	11159 	9188 	11530 	9582 	16503 	15418 	9492 	14423 	21283 	16951 	9588 	13246.00 
42 threads:	9562 	11987 	19167 	10209 	13676 	9481 	15239 	15721 	11877 	9450 	17941 	9673 	9941 	13488 	9464 	12458.40 
43 threads:	14185 	11961 	9739 	11997 	16351 	11323 	9754 	19445 	9509 	13838 	15596 	15920 	9845 	11986 	11162 	12840.73 
44 threads:	17124 	17181 	13316 	13149 	10866 	20535 	9853 	16251 	10227 	10195 	71721 	11150 	19126 	20193 	20415 	18753.47 
45 threads:	12349 	12967 	16493 	29774 	10007 	12420 	18135 	10151 	17400 	10409 	14335 	12660 	17131 	28296 	10401 	15528.53 
46 threads:	17114 	17224 	17956 	20484 	16513 	11349 	11632 	11292 	14990 	12830 	11108 	11314 	14835 	17234 	11530 	14493.67 
47 threads:	28932 	15089 	11349 	12052 	11529 	19719 	21512 	15133 	19486 	11690 	11918 	12945 	14871 	18560 	20303 	16339.20 
48 threads:	26173 	21627 	22148 	12199 	18763 	12191 	14096 	12250 	15044 	12814 	19931 	15618 	21105 	11914 	19632 	17033.67 
Final result for Bakery lock:
(2,75.27)
(3,218.80)
(4,346.73)
(5,456.53)
(6,632.60)
(7,719.40)
(8,924.60)
(9,1030.13)
(10,1193.87)
(11,1356.93)
(12,2061.93)
(13,1857.33)
(14,2135.60)
(15,2326.87)
(16,2646.33)
(17,2901.00)
(18,3160.40)
(19,3654.80)
(20,3761.20)
(21,4249.40)
(22,4631.13)
(23,4433.40)
(24,5093.67)
(25,4804.00)
(26,5170.53)
(27,7789.40)
(28,8593.53)
(29,6185.13)
(30,6191.47)
(31,8042.40)
(32,7939.00)
(33,9169.60)
(34,8967.07)
(35,8950.40)
(36,9461.40)
(37,10331.40)
(38,9498.00)
(39,11176.47)
(40,12038.40)
(41,13246.00)
(42,12458.40)
(43,12840.73)
(44,18753.47)
(45,15528.53)
(46,14493.67)
(47,16339.20)
(48,17033.67)
2 & 75.27 & 26 & 5170.53
3 & 218.80 & 27 & 7789.40
4 & 346.73 & 28 & 8593.53
5 & 456.53 & 29 & 6185.13
6 & 632.60 & 30 & 6191.47
7 & 719.40 & 31 & 8042.40
8 & 924.60 & 32 & 7939.00
9 & 1030.13 & 33 & 9169.60
10 & 1193.87 & 34 & 8967.07
11 & 1356.93 & 35 & 8950.40
12 & 2061.93 & 36 & 9461.40
13 & 1857.33 & 37 & 10331.40
14 & 2135.60 & 38 & 9498.00
15 & 2326.87 & 39 & 11176.47
16 & 2646.33 & 40 & 12038.40
17 & 2901.00 & 41 & 13246.00
18 & 3160.40 & 42 & 12458.40
19 & 3654.80 & 43 & 12840.73
20 & 3761.20 & 44 & 18753.47
21 & 4249.40 & 45 & 15528.53
22 & 4631.13 & 46 & 14493.67
23 & 4433.40 & 47 & 16339.20
24 & 5093.67 & 48 & 17033.67

Final result
2 & 100.80 & 75.27 & 26 & 2451.73 & 5170.53 \\
3 & 181.20 & 218.80 & 27 & 2458.00 & 7789.40 \\
4 & 192.67 & 346.73 & 28 & 2595.27 & 8593.53 \\
5 & 333.80 & 456.53 & 29 & 2540.93 & 6185.13 \\
6 & 384.00 & 632.60 & 30 & 2663.00 & 6191.47 \\
7 & 464.00 & 719.40 & 31 & 2886.33 & 8042.40 \\
8 & 510.07 & 924.60 & 32 & 3206.93 & 7939.00 \\
9 & 801.40 & 1030.13 & 33 & 4052.20 & 9169.60 \\
10 & 847.80 & 1193.87 & 34 & 3591.13 & 8967.07 \\
11 & 876.53 & 1356.93 & 35 & 3697.07 & 8950.40 \\
12 & 915.87 & 2061.93 & 36 & 3929.40 & 9461.40 \\
13 & 1057.20 & 1857.33 & 37 & 3882.00 & 10331.40 \\
14 & 1200.60 & 2135.60 & 38 & 4361.53 & 9498.00 \\
15 & 1103.40 & 2326.87 & 39 & 4395.13 & 11176.47 \\
16 & 1210.73 & 2646.33 & 40 & 4194.53 & 12038.40 \\
17 & 1759.60 & 2901.00 & 41 & 4608.87 & 13246.00 \\
18 & 1623.20 & 3160.40 & 42 & 4411.53 & 12458.40 \\
19 & 1784.00 & 3654.80 & 43 & 4518.93 & 12840.73 \\
20 & 1794.40 & 3761.20 & 44 & 4714.53 & 18753.47 \\
21 & 1928.93 & 4249.40 & 45 & 4687.53 & 15528.53 \\
22 & 1843.27 & 4631.13 & 46 & 4936.40 & 14493.67 \\
23 & 2208.07 & 4433.40 & 47 & 5242.67 & 16339.20 \\
24 & 2365.73 & 5093.67 & 48 & 4989.13 & 17033.67 \\

